1,0,0,9.848e-06,3.3149e-05
2,0,0,3.008e-06,3.2691e-05
4,0,0,4.262e-06,3.027e-05
8,0,0,1.5874e-05,5.3342e-05
16,0,0,0.000103693,0.00015374
32,0,0,0.0008346,0.00095045
64,0,0,0.006018156,0.006344232
128,0,0,0.07914837,0.080306262
256,0,0,0.617219162,0.621676817
512,0,0,3.817372623,3.859216003
1024,0,0,24.77505023,24.917491712
2048,0,0,169.90783494,170.389617079
4096,0,0,1154.76402125,1157.03447707
1,2,0,1.014e-06,4.6726e-05
2,2,0,1.326e-06,3.556e-05
4,2,0,2.74e-06,4.1071e-05
8,2,0,1.4157e-05,5.9345e-05
16,2,0,9.9694e-05,0.00016263
32,2,0,0.000779565,0.000905768
64,2,0,0.015842003,0.016200304
128,2,0,0.056698745,0.057944005
256,2,0,0.346630163,0.36347644
512,2,0,2.145977045,2.189824126
1024,2,0,13.943793809,14.032876455
2048,2,0,98.908715155,99.488826678
4096,2,0,657.871209766,659.973520998
1,4,0,7.26e-07,3.3996e-05
2,4,0,1.14e-06,3.6879e-05
4,4,0,2.927e-06,4.0614e-05
8,4,0,1.4515e-05,5.639e-05
16,4,0,0.000100014,0.000161275
32,4,0,0.000782095,0.000906958
64,4,0,0.021944186,0.03432305
128,4,0,0.037495688,0.050763723
256,4,0,0.20387025,0.208642473
512,4,0,1.132236364,1.163347682
1024,4,0,7.749796512,7.866934133
2048,4,0,53.566367996,53.989637498
4096,4,0,363.096883064,365.08321106
1,8,0,7.04e-07,3.3889e-05
2,8,0,1.486e-06,3.6342e-05
4,8,0,2.635e-06,4.3023e-05
8,8,0,1.4109e-05,5.7231e-05
16,8,0,0.000100206,0.000167972
32,8,0,0.000780025,0.000905074
64,8,0,0.025073401,0.025427962
128,8,0,0.032993464,0.034229417
256,8,0,0.18090371,0.197740125
512,8,0,0.663787809,0.703293385
1024,8,0,4.432436023,4.585546694
2048,8,0,29.329302395,29.817964505
4096,8,0,203.258702104,205.372900671
1,16,0,7.78e-07,3.5407e-05
2,16,0,1.658e-06,0.013059276
4,16,0,2.598e-06,3.961e-05
8,16,0,1.4058e-05,5.6724e-05
16,16,0,9.9657e-05,0.000162511
32,16,0,0.000786298,0.000916306
64,16,0,0.032181872,0.032534704
128,16,0,0.07176854,0.073005948
256,16,0,0.186650492,0.203535582
512,16,0,0.8898439,0.908913968
1024,16,0,4.312961952,4.47660616
2048,16,0,29.388905213,30.022712596
4096,16,0,202.269548852,204.121457599
1,0,1,2.207e-06,2.9073e-05
2,0,1,2.22e-06,2.5916e-05
4,0,1,3.636e-06,2.8477e-05
8,0,1,1.572e-05,4.7316e-05
16,0,1,0.000103336,0.000161347
32,0,1,0.000780423,0.000893622
64,0,1,0.029768803,0.03011961
128,0,1,0.065268587,0.06653854
256,0,1,0.385159453,0.390003256
512,0,1,3.307240599,3.326596127
1024,0,1,23.431860005,23.557878821
2048,0,1,165.91640583,166.301656126
4096,0,1,1141.81967765,1144.34382484
1,2,1,8.19e-07,3.4919e-05
2,2,1,1.378e-06,3.585e-05
4,2,1,3.013e-06,4.0008e-05
8,2,1,1.4494e-05,5.6155e-05
16,2,1,0.00010111,0.000169406
32,2,1,0.000778347,0.012921158
64,2,1,0.015996118,0.016356421
128,2,1,0.062559693,0.063791151
256,2,1,0.241768057,0.246580654
512,2,1,1.826845607,1.869933867
1024,2,1,13.468100997,13.54539393
2048,2,1,90.74560698,91.150076296
4096,2,1,647.479889079,649.45281465
1,4,1,1.117e-06,3.5425e-05
2,4,1,2.153e-06,0.012056857
4,4,1,2.894e-06,4.0798e-05
8,4,1,1.4744e-05,6.0821e-05
16,4,1,0.000101071,0.012185976
32,4,1,0.000785533,0.000913554
64,4,1,0.021963146,0.022315832
128,4,1,0.036977153,0.038210317
256,4,1,0.188059242,0.19287801
512,4,1,1.170415137,1.201433944
1024,4,1,6.913338324,7.074605313
2048,4,1,51.748313176,52.363974911
4096,4,1,367.28847327,369.011947448
1,8,1,1.239e-06,3.5686e-05
2,8,1,1.33e-06,3.6405e-05
4,8,1,3.053e-06,0.012062214
8,8,1,1.4547e-05,6.0142e-05
16,8,1,0.000100946,0.000166139
32,8,1,0.000781748,0.000905648
64,8,1,0.030101073,0.030458252
128,8,1,0.045135049,0.046371022
256,8,1,0.172954241,0.189849538
512,8,1,0.628210412,0.676293256
1024,8,1,4.717506559,4.818565717
2048,8,1,29.254706678,29.905010187
4096,8,1,212.232199899,214.561260201
1,16,1,7.71e-07,3.5671e-05
2,16,1,9.78e-07,3.9888e-05
4,16,1,3.097e-06,4.0212e-05
8,16,1,1.4068e-05,5.578e-05
16,16,1,9.9386e-05,0.000160178
32,16,1,0.000782317,0.000906632
64,16,1,0.031881925,0.032246554
128,16,1,0.042317363,0.043560176
256,16,1,0.152575384,0.169446241
512,16,1,0.742819505,0.77399252
1024,16,1,4.276857164,4.366354296
2048,16,1,29.105729571,29.685839893
4096,16,1,202.209527916,204.43838096
1,0,2,2.516e-06,3.0167e-05
2,0,2,2.719e-06,2.9787e-05
4,0,2,4.181e-06,3.4953e-05
8,0,2,1.5718e-05,5.5024e-05
16,0,2,0.000106218,0.000161881
32,0,2,0.000779397,0.000902458
64,0,2,0.005752045,0.006112782
128,0,2,0.077208376,0.078448638
256,0,2,0.340509154,0.345318626
512,0,2,2.87015006,2.901417282
1024,0,2,21.37514978,21.550222249
2048,0,2,166.490317234,166.935011544
4096,0,2,1086.7752124,1088.86214278
1,2,2,7.88e-07,3.4973e-05
2,2,2,1.132e-06,3.6611e-05
4,2,2,2.789e-06,4.1474e-05
8,2,2,1.4104e-05,5.5831e-05
16,2,2,9.9846e-05,0.000163213
32,2,2,0.012800389,0.012924915
64,2,2,0.015531912,0.015887984
128,2,2,0.061606673,0.062846408
256,2,2,0.217528543,0.222329523
512,2,2,1.773766605,1.817773943
1024,2,2,12.789708739,12.878914595
2048,2,2,90.619964821,91.254246156
4096,2,2,640.22559379,642.100718562
1,4,2,8.18e-07,3.6322e-05
2,4,2,1.084e-06,3.7837e-05
4,4,2,2.727e-06,4.2147e-05
8,4,2,1.4142e-05,5.8894e-05
16,4,2,9.9639e-05,0.000163287
32,4,2,0.000787956,0.000915098
64,4,2,0.024848761,0.025208971
128,4,2,0.055449067,0.056701531
256,4,2,0.192002905,0.208877163
512,4,2,1.191080574,1.241288444
1024,4,2,7.738967145,7.887398225
2048,4,2,52.114486644,52.583151376
4096,4,2,363.541740799,365.512077302
1,8,2,1.002e-06,3.7145e-05
2,8,2,1.234e-06,3.8266e-05
4,8,2,2.641e-06,4.0343e-05
8,8,2,1.4354e-05,5.8908e-05
16,8,2,9.9958e-05,0.000164296
32,8,2,0.000783954,0.000910827
64,8,2,0.045901562,0.046261594
128,8,2,0.05097261,0.052224461
256,8,2,0.122372813,0.139239346
512,8,2,0.692434195,0.723602688
1024,8,2,4.326347021,4.475739077
2048,8,2,31.013380414,31.576504585
4096,8,2,203.048567226,205.059588276
1,16,2,7.6e-07,3.6744e-05
2,16,2,1.13e-06,3.8178e-05
4,16,2,2.734e-06,4.3073e-05
8,16,2,1.4147e-05,5.8465e-05
16,16,2,0.000100278,0.000165746
32,16,2,0.000783913,0.000910084
64,16,2,0.035173694,0.035531195
128,16,2,0.045826645,0.047089528
256,16,2,0.191682995,0.19651184
512,16,2,0.752199421,0.795308156
1024,16,2,4.721958191,4.884374298
2048,16,2,29.365989762,29.864258131
4096,16,2,202.116632741,204.019839596
